00000000
00000000
00000000
00000000
00000000
00000000
00000040
00000000
00000000
00000000
00000000
00000800
00000000
00000000
00004000
00008000
00000000
00000000
00000000
00000000
00000000
00000000
00400000
00000000
00000000
00000000
00000000
08000000
00000000
00000000
40000000
80000000
00000000
00000000
00000000
00000000
00000000
00000000
4000000000
00000000
00000000
00000000
00000000
80000000000
00000000
00000000
400000000000
800000000000
00000000
00000000
00000000
00000000
00000000
00000000
40000000000000
00000000
00000000
00000000
00000000
800000000000000
00000000
00000000
4000000000000000
8000000000000000
00000000
00000000
00000000
00000000
00000000
00000000
00000040
00000000
00000000
00000000
00000000
00000800
00000000
00000000
00004000
00008000
00000000
00000000
00000000
00000000
00000000
00000000
00400000
00000000
00000000
00000000
00000000
08000000
00000000
00000000
40000000
80000000
00000000
00000000
00000000
00000000
00000000
00000000
4000000000
00000000
00000000
00000000
00000000
80000000000
00000000
00000000
400000000000
800000000000
00000000
00000000
00000000
00000000
00000000
00000000
40000000000000
00000000
00000000
00000000
00000000
800000000000000
00000000
00000000
4000000000000000
8000000000000000
